0 0.791959 18 2 0 9 0 0 1 0
1 -0.211887 0 0 0 1 0 17 4 0
2 0.581342 0 0 0 0 0 0 0 0
3 0.467321 0 0 0 0 0 0 0 0
4 0.298735 0 10 0 11 9 0 2 0
5 0.493125 6 6 0 5 0 0 1 0
6 0.678457 0 0 1 0 3 6 0 8
7 -0.716825 6 0 1 0 0 1 0 5
8 0.31377 0 1 0 0 9 0 5 15
9 -0.616684 0 1 0 0 13 0 5 7
10 0.166188 10 1 0 0 0 0 9 4
11 0.196582 1 0 0 0 0 1 7 4
12 0.764971 0 3 0 1 0 0 1 0
13 -0.266136 0 1 0 0 14 0 1 16
14 0.688842 0 0 0 0 0 0 0 0
15 -0.0339989 0 0 11 13 2 9 0 0
16 -0.847909 0 17 6 0 3 0 0 10
17 0.535804 0 3 4 0 1 0 0 13
18 0.575403 0 0 0 0 0 0 0 0
19 0.209772 0 8 0 7 4 0 3 0
20 0.64561 0 0 1 0 0 7 0 5
21 -0.257552 0 0 1 0 8 3 0 1
22 -0.214996 1 0 0 0 0 7 13 11
23 -0.647416 10 1 5 0 0 0 0 1
24 0.275744 0 0 0 0 0 0 0 0
25 -0.904008 0 0 0 1 9 9 8 0
26 0.985067 0 6 3 10 1 0 0 0
27 -0.990434 1 11 7 0 0 0 0 1
28 0.158374 0 9 5 0 13 0 0 17
29 -0.10118 13 4 2 0 0 0 0 1
30 0.970773 0 0 0 1 5 9 12 0
31 0.125649 10 0 0 1 0 7 10 0
32 0.782499 0 0 1 0 11 8 0 0
33 0.257404 1 3 0 9 0 0 1 0
34 -0.0366691 0 1 0 0 7 0 4 4
35 0.808139 2 0 0 3 0 5 3 0
36 0.727826 0 0 0 0 0 0 0 0
37 -0.552633 0 5 0 12 7 0 2 0
38 0.170556 0 10 0 13 1 0 4 0
39 0.224382 0 1 0 0 5 0 9 3
40 0.894903 0 1 0 0 0 0 6 5
41 -0.590788 0 0 0 0 0 0 0 0
42 0.225692 3 0 0 5 0 0 1 0
43 0.920199 0 0 0 0 0 0 0 0
44 -0.326481 0 0 0 0 0 0 0 0
45 0.300015 0 1 0 0 19 0 0 1
46 -0.98547 9 11 0 13 0 0 1 0
47 0.46613 0 0 1 0 4 5 0 17
48 0.363889 16 0 0 3 0 1 3 0
49 0.342662 0 0 0 0 0 0 0 0
50 -0.861593 0 1 0 0 8 0 2 1
51 -0.743807 7 0 0 5 0 8 3 0
52 -0.328196 0 4 0 9 6 0 1 0
53 0.807983 19 1 6 0 0 0 0 1
54 -0.570511 0 0 1 0 5 1 0 0
55 -0.352057 0 0 0 0 0 0 0 0
56 0.951868 0 0 8 7 1 10 0 0
57 -0.755457 0 1 5 9 1 0 0 0
58 -0.971074 1 0 0 0 0 2 7 10
59 0.304426 1 0 0 4 0 3 1 0
60 -0.0430673 0 1 14 0 14 0 0 1
61 0.475407 0 0 5 1 3 1 0 0
62 -0.541492 5 0 0 7 0 5 2 0
63 -0.279198 0 0 0 1 9 4 1 0
64 -0.291992 0 0 1 0 17 6 0 11
65 0.381585 3 0 2 0 0 1 0 0
66 0.668915 0 1 0 0 9 0 1 7
67 -0.58536 0 0 0 0 0 0 0 0
68 0.424363 7 7 10 0 0 0 0 1
69 0.0899805 0 0 0 0 0 0 0 0
70 -0.554536 4 0 3 7 0 1 0 0
71 -0.665562 0 0 9 13 13 16 0 0
72 0.601909 11 4 0 0 0 0 11 1
73 -0.587159 8 5 6 0 0 0 0 1
74 -0.0854883 2 11 0 0 0 0 1 0
75 -0.318033 0 1 0 0 11 0 12 3
76 -0.191064 5 4 0 0 0 0 5 4
77 -0.189761 14 16 4 0 0 0 0 1
78 -0.254135 0 10 0 3 11 0 3 0
79 -0.181775 5 0 0 13 0 1 0 0
80 -0.252059 0 4 0 19 0 0 1 0
81 0.862845 0 0 0 0 0 0 0 0
82 -0.579836 0 0 0 0 0 0 0 0
83 -0.721058 0 0 0 0 0 0 0 0
84 0.932853 0 0 0 0 0 0 0 0
85 -0.623957 7 0 4 4 0 1 0 0
86 -0.536699 0 4 5 18 1 0 0 0
87 -0.50626 15 0 13 11 0 1 0 0
88 -0.0690304 0 1 0 0 17 0 7 7
89 -0.553487 0 18 1 0 1 0 0 4
90 0.5865 13 6 0 14 0 0 1 0
91 -0.305349 0 0 0 0 0 0 0 0
92 -0.346845 1 9 0 9 0 0 1 0
93 -0.20172 0 0 12 1 7 10 0 0
94 0.36125 0 0 1 0 4 3 0 6
95 0.107107 0 2 7 1 1 0 0 0
96 -0.564741 0 0 19 6 0 1 0 0
97 0.657473 6 0 11 0 0 0 0 1
98 -0.540664 7 3 0 0 0 0 2 3
99 -0.986134 1 0 0 0 0 3 2 1
100 -0.414325 1 0 0 2 0 1 2 0
101 0.63576 1 6 0 0 0 0 7 9
102 -0.937164 4 0 0 7 0 17 6 0
103 -0.875628 6 7 0 0 0 0 5 2
104 0.281834 0 1 0 0 9 0 4 5
105 0.314715 0 0 0 0 0 0 0 0
106 0.166053 0 11 1 3 1 0 0 0
107 -0.894619 0 5 1 14 1 0 0 0
108 -0.0578173 0 0 1 0 11 9 0 0
109 -0.718281 13 4 2 0 0 0 0 1
110 -0.0734492 0 1 0 0 12 0 1 0
111 -0.349292 0 0 0 0 0 0 0 0
112 -0.104408 0 0 0 1 12 4 5 0
113 -0.391864 4 3 0 0 0 0 17 1
114 0.657248 0 5 3 2 1 0 0 0
115 -0.612428 0 0 0 0 0 0 0 0
116 0.889733 0 0 0 0 0 0 0 0
117 0.559323 0 0 1 0 4 1 0 0
118 0.57382 1 0 0 0 0 5 11 7
119 -0.185683 14 0 5 4 0 1 0 0
120 -0.048002 0 10 0 3 9 0 4 0
121 -0.408207 6 5 0 0 0 0 4 1
122 0.0156641 5 2 6 0 0 0 0 1
123 0.700541 0 1 0 0 12 0 8 6
124 -0.274035 0 14 9 7 1 0 0 0
125 0.364991 0 9 0 7 0 0 1 0
126 -0.0552933 0 0 0 1 12 7 10 0
127 -0.401483 0 0 0 0 0 0 0 0
128 0.694184 0 0 0 0 0 0 0 0
129 -0.955674 0 0 0 0 0 0 0 0
130 0.401068 5 0 17 0 0 0 0 1
131 0.738038 0 0 1 0 4 13 0 4
132 -0.138608 0 0 8 15 0 1 0 0
133 0.100326 5 0 1 0 0 8 0 1
134 0.970914 0 7 7 2 1 0 0 0
135 -0.689487 0 0 1 0 2 5 0 4
136 0.364804 0 0 0 0 0 0 0 0
137 0.149289 0 1 0 0 0 0 6 5
138 -0.181113 0 3 0 4 0 0 1 0
139 -0.521345 1 0 0 0 0 5 0 12
140 -0.890533 1 0 0 3 0 5 1 0
141 -0.802115 1 0 0 0 0 5 0 9
142 0.480656 1 0 0 0 0 12 8 1
143 0.143011 0 12 0 1 1 0 0 0
144 -0.436995 1 0 0 0 0 0 2 1
145 -0.456245 0 0 1 0 9 0 0 1
146 0.332051 14 0 11 0 0 1 0 0
147 -0.89534 1 0 0 0 0 13 6 5
148 0.107492 0 2 19 0 3 0 0 1
149 -0.82701 0 0 0 0 0 0 0 0
150 -0.212148 12 0 1 0 0 1 0 0
151 -0.385171 8 0 20 1 0 1 0 0
152 -0.684593 0 0 1 0 1 16 0 13
153 -0.058183 0 0 0 1 10 12 17 0
154 0.07961 0 9 5 0 1 0 0 20
155 0.00811919 0 10 0 1 13 0 5 0
156 -0.173817 0 11 1 0 1 0 0 3
157 0.32321 0 0 0 1 2 5 14 0
158 0.568481 4 6 0 9 0 0 1 0
159 -0.930693 14 0 5 0 0 1 0 16
160 -0.559037 7 0 0 1 0 7 2 0
161 -0.239711 0 0 1 0 2 1 0 1
162 0.522377 2 0 0 5 0 0 1 0
163 0.657818 0 0 5 7 3 7 0 0
164 -0.927005 0 0 5 13 13 2 0 0
165 -0.550885 15 0 0 4 0 7 2 0
166 0.0898372 2 5 0 0 0 0 14 19
167 0.864348 0 1 0 0 9 0 1 16
168 0.393135 0 1 0 0 2 0 2 3
169 0.957118 0 0 5 9 4 5 0 0
170 0.704949 0 0 3 14 6 1 0 0
171 0.336808 0 0 0 0 0 0 0 0
172 0.654053 0 0 0 0 0 0 0 0
173 -0.215642 0 0 0 0 0 0 0 0
174 -0.366188 0 0 0 0 0 0 0 0
175 -0.594473 6 7 0 0 0 0 0 1
176 -0.821205 0 11 1 5 1 0 0 0
177 0.638714 5 17 0 0 0 0 5 2
178 0.0051185 2 0 2 7 0 1 0 0
179 0.0592262 4 7 0 0 0 0 13 5
180 0.431817 0 0 6 7 14 11 0 0
181 0.700075 7 5 0 4 0 0 1 0
182 0.0432176 0 0 0 0 0 0 0 0
183 0.753766 1 0 0 0 0 1 9 9
184 0.181798 15 0 6 1 0 1 0 0
185 -0.0993768 0 0 0 1 13 4 16 0
186 -0.164174 2 0 3 0 0 7 0 8
187 0.336378 0 0 1 0 5 1 0 12
188 0.900357 4 3 0 0 0 0 7 1
189 0.688067 0 0 11 6 6 1 0 0
190 0.720553 1 0 0 0 0 1 0 3
191 0.181676 0 0 1 0 10 8 0 7
192 0.760191 7 3 14 0 0 0 0 1
193 -0.163341 0 0 1 0 1 2 0 1
194 -0.928562 7 1 0 0 0 0 3 10
195 0.885889 0 1 0 0 5 0 6 1
196 0.0974132 13 0 7 1 0 1 0 0
197 0.629175 0 0 0 0 0 0 0 0
198 -0.878477 0 0 0 0 0 0 0 0
199 -0.242293 0 0 5 7 4 3 0 0
200 -0.660484 13 1 0 0 0 0 3 1
201 -0.315185 0 13 7 16 1 0 0 0
202 -0.410711 0 0 0 0 0 0 0 0
203 0.864071 0 0 1 0 7 6 0 2
204 -0.31787 0 12 7 13 1 0 0 0
205 -0.582305 0 0 1 0 10 3 0 2
206 0.810985 0 0 0 1 1 0 6 0
207 0.804862 0 0 0 0 0 0 0 0
208 0.390716 4 13 6 0 0 0 0 1
209 -0.326015 2 0 3 0 0 15 0 13
210 -0.750952 8 0 0 1 0 4 1 0
211 0.750463 0 2 2 5 1 0 0 0
212 0.829675 0 0 4 3 4 1 0 0
213 0.639673 4 15 0 6 0 0 1 0
214 -0.513089 0 0 0 0 0 0 0 0
215 0.910792 0 4 0 3 0 0 1 0
216 0.159628 8 9 0 4 0 0 1 0
217 -0.706281 9 0 2 0 0 0 0 1
218 -0.123366 1 0 0 0 0 16 1 17
219 0.624842 4 0 0 3 0 1 13 0
220 -0.771324 1 0 0 0 0 0 14 3
221 -0.807683 2 6 0 3 0 0 1 0
222 0.0283281 1 0 0 0 0 0 7 5
223 0.0586563 4 3 0 0 0 0 4 3
224 -0.693903 10 9 0 8 0 0 1 0
225 0.429951 0 0 0 0 0 0 0 0
226 -0.623986 5 0 0 1 0 3 2 0
227 0.250842 3 0 6 6 0 1 0 0
228 0.914701 1 2 1 0 0 0 0 1
229 0.483781 0 0 1 0 1 4 0 2
230 -0.413901 0 1 0 0 0 0 7 4
231 -0.596752 8 0 0 17 0 8 1 0
232 -0.28576 0 0 1 0 1 1 0 2
233 0.092827 0 0 0 0 0 0 0 0
234 -0.0386004 0 2 0 1 11 0 3 0
235 0.116607 2 1 0 2 0 0 1 0
236 0.932747 0 1 0 0 6 0 1 10
237 0.166963 4 15 0 0 0 0 9 1
238 0.0107989 1 0 0 0 0 9 6 2
239 -0.765591 1 0 0 0 0 3 5 1
240 0.651421 8 0 0 11 0 1 13 0
241 -0.691525 7 7 0 2 0 0 1 0
242 0.683953 1 0 0 0 0 16 8 7
243 -0.618216 0 1 0 0 3 0 9 11
244 0.894012 0 10 2 1 1 0 0 0
245 -0.762033 7 8 0 0 0 0 1 8
246 -0.500178 0 0 0 0 0 0 0 0
247 -0.250112 0 14 3 0 3 0 0 16
248 0.18198 0 5 0 2 3 0 4 0
249 -0.845234 0 11 5 0 7 0 0 16
250 -0.0787084 18 6 0 1 0 0 1 0
251 0.541443 2 6 13 0 0 0 0 1
252 -0.623073 8 0 5 3 0 1 0 0
253 -0.230695 0 3 4 5 1 0 0 0
254 0.246249 0 0 0 0 0 0 0 0
255 -0.597658 9 19 0 15 0 0 1 0
